-75.0
-693.2142857142857
65.0
-162.5
69.61538461538461
316.875
-472.27272727272725
154.23076923076923
-131.38888888888889
-23.636363636363637
-33.125
50.666666666666664
-176.25
-219.44444444444446
252.85714285714286
90.0
-97.5
-110.83333333333333
321.42857142857144
-388.1818181818182
130.35714285714286
191.0
67.5
213.75
62.27272727272727
221.66666666666666
-237.27272727272728
104.5
129.28571428571428
132.5
-103.75
340.0
242.64705882352942
-201.25
-419.1666666666667
190.0
-430.0
94.0
-43.0
-68.33333333333333
215.0
-74.0
-125.3125
96.66666666666667
32.142857142857146
-247.0
-286.1111111111111
-380.8333333333333
-61.81818181818182
72.0
46.19047619047619
123.75
-102.6923076923077
0.0
450.0
-50.45454545454545
-270.0
342.0
21.666666666666668
125.9090909090909
-281.9230769230769
-63.333333333333336
311.3636363636364
-181.76470588235293
-203.88888888888889

-276.53846153846155
-49.5
320.0
-12.5
126.53846153846153
64.0
260.7692307692308
295.45454545454544
