986 N/A 725 -376 N/A -771 42 -50 144 -522 139 -854 -388 -738 722 N/A -942 N/A 433 91 537 N/A 901 661 N/A 122 N/A -252 -473 N/A -153 -900 398 N/A 181 -468 -883 -942 -819
-804 -920 -795 N/A 155 302 -688 -477 229 -162 N/A -67 -398 N/A 677 807 763 -62 -910 N/A 267 N/A -999 -571 -1000 N/A 962 527 596 -106 -108 444 N/A 42 N/A -666 379 -347 327 N/A 748 -469 14 637 847 N/A 61 160 576 -385 N/A 698 -661 N/A -1000 -23 941 N/A 899 N/A -468 N/A 83 -960 N/A -173 -301 531 N/A -437
-108 -894 N/A -10 223 N/A -705 724 936 -431 622 799 -388 819 -908 N/A -391 795 N/A -565 N/A 76 58 158 N/A 710 -992
96 -759 N/A 342 951 -635 -408 -412 176 -984 -332 N/A 861 N/A 724 N/A 196 -67 -150 N/A -186 17 N/A -768 N/A -880 -200 N/A -343 N/A 902 -434 N/A -391 -739 -52 N/A -26 115 -413 -730 -973 N/A 280 925 528 N/A -794 716 46 237 -893
-468 -620 -116 N/A 773 676 N/A 410 -132 N/A 129 N/A 437 N/A -660 -363 759 -586 N/A -689 -153 N/A 621 -270 N/A 751 519 274 N/A 709 -578 292 -361 N/A -902 -454 -836 N/A -357 N/A 285 -549 -817 N/A -61 768 56 181 937 N/A 805 495 N/A 834 928 344 374 N/A 211 N/A -777 -640 -323 623 -985 403 857 727 -466 930 N/A -669 359
150 874 242 3 -542 N/A -401 42 -82 382 -836 N/A -989 N/A 253 N/A 405 N/A 382 904 184 -830 234 175 418 -754 66 432 -826 788 N/A -277 N/A 808 N/A -197 N/A 173 390 214 N/A 521 N/A -872 -918 920 N/A 464 N/A -11 N/A -27 282 -478 531 -659
-883 N/A 804 -840 -741 -373 N/A 698 991 N/A -659 -985 N/A -170 N/A -45 -375 N/A -582 N/A -767 -191 423 -243 -660 N/A 771 739 381 406 N/A 569 N/A 683 -211 706 973 334 817 N/A 264 -812 N/A 704 194 -143 -84 N/A -182 656 -362 -693 70
-448 -878 N/A 667 N/A 627 915 N/A 676 228 438 N/A -351 465 N/A 444 176 N/A 951 -802 -886 -285 -139 622 475 N/A -440 N/A -224 N/A 716 -298 761 N/A 174 N/A -709 N/A -678 -968 N/A -820 -323 N/A -459 -111 249 N/A 379 -462 N/A -478 -851 861 -312 -863 -660 -467 -976 53 -278 -891 735 -621 N/A 205 -416 173
-840 -808 N/A -410 -60 -55 799 -754 N/A -569 N/A -840 981 69 -492 N/A -537 -567 849 -478 N/A -185 6 N/A -644 501 -90 N/A -942 -971 N/A -367 62 N/A -10 680 N/A -824 -98 159 -580 -705 N/A 596 N/A 556 -40 675 89 N/A 105 N/A -583 -526 -503 -243
91 457 -885 -628 831 202 N/A -5 402 N/A 592 808 N/A -82 -321 N/A -488 -324 994 124 N/A 942 345 150 N/A -85 295 N/A -550 489 -741 866 -998 15 N/A -806 N/A 38
-946 156 -257 -524 509 N/A 400 114 -886 651 -163 -936 N/A 952 96 N/A -421 -561 -863 570 550 686 N/A -501 -874 631 401 -416 887 N/A 470 -774 N/A 733 N/A -907 -592 N/A 483 -890 N/A -711 N/A -16 N/A -344 N/A 55 -491 -599 -530
-956 -458 478 -778 N/A -751 N/A -994 -9 -586 -305 N/A -902 943 729 53 N/A -92 -319 N/A 715 N/A -537 -282 N/A -30 N/A 432 606 -629 906 N/A -650 N/A -356 255 724 -352 N/A 780 -562 N/A 370 N/A -1 353 -379 834 454 284 216 637 -919 536 -683 N/A 799 N/A -508 -638 764 N/A -956 951 -73 N/A -615 -375 -772 515
-968 -762 N/A 475 -496 N/A -592 N/A 407 -564 344 188 N/A 406 953 678 N/A -167 -950 288 923 595 646 -720 N/A 488 80 555 608 N/A 478 23 -354 N/A 306 N/A 861 821 N/A -725 263 -171
103 416 -859 N/A 997 N/A 129 -329 -852 -258 N/A 847 92 597 N/A -14 991 N/A 820 942 672 170 -192 422 -516 N/A -173 N/A 983 N/A -975 -745 893 N/A -381 299 -620 636 -700 -48 661 -172 -701 916 N/A -955 404 310 -227 11 N/A 832 N/A 720 446 N/A -728 -982 934 368 N/A -348 N/A 118 N/A 266 N/A -667 126 N/A -188 481 -454
-881 -984 N/A -279 294 609 900 739 -406 N/A 407 -987 647 629 186 -154 -663 N/A 155 N/A -81 301 -673 14 N/A 615 -777 N/A -76 N/A -873 235 N/A 301 -525 434 -188 N/A 944 N/A -297 352
-889 -929 822 782 N/A -660 -355 -630 N/A -708 501 -173 -189 476 690 N/A -472 N/A -576 -744 472 -279 520 -441 N/A 478 N/A 471 N/A 983 -749 N/A 381 -509 42 -565 N/A -512 N/A 277 845 N/A -362 N/A -739 -758 N/A 895 293 517 -526 -901 521 -569 N/A 8
-226 N/A -613 238 991 -571 169 N/A 547 407 235 -580 N/A 799 -762 -174 -956 N/A -595 870 -202 N/A -62 978 -300 -913 N/A 705 487 N/A -535
-58 -492 N/A -760 N/A -451 838 N/A 882 N/A -346 980 N/A -880 -14 226 35 308 558 347 -817 -187 N/A 600 -330 -74 -197 -36 182 142 N/A -388 N/A -27 N/A -614 N/A 854 -197 401 11 -278 492 -506 -494 -314 N/A -410 N/A -313 N/A -246 N/A -133 510 -794 501 -885
757 819 282 -89 513 -233 643 649 N/A 807 N/A 582 N/A -643 -982 N/A 820 704 N/A 346 370 436 N/A -360 N/A 159 N/A -706 242 765 787 863 334 420 595
895 120 47 N/A 849 N/A 613 434 -547 N/A -288 -335 -428 439 N/A 996 N/A -112 N/A 753 N/A -861 -981 -678 N/A -534 -306 836 882 -817 874 N/A -484 712 N/A -574 -366 -500 N/A 882 596 N/A -795 N/A 428 42 59 -335 154 N/A -483 -193 -18 -616 33 -776 -68 144 N/A 896 516 N/A 223 -146 -960 N/A 281 -105 407
-712 3 N/A -790 N/A 46 801 152 957 -203 N/A -292 N/A -42 N/A 135 65 N/A -344 890 -130 176 N/A 837 N/A -728 652 -768 96 840 -509 -962 -798 N/A 148 -666 9 N/A 260 -747 950 737 N/A -501 724 N/A -89 N/A -863 -904 -871 26 N/A -671 814 -460 N/A 610 787 640 988 -959
-703 -843 N/A 127 437 -423 N/A -221 N/A 91 -240 -918 N/A 481 -136 -648 -196 N/A -344 876 N/A 594 N/A 177 604 -601 N/A 393 426 N/A 665 N/A -630 495 -284 -36 888 -707 139 N/A -907 -626 862 531 -418
421 841 -741 N/A 401 475 N/A 964 N/A -379 -989 246 -384 N/A -543 -430 825 487 N/A 536 -839 240 165 165 -974 N/A 46 N/A -927 257 N/A 652 N/A -417 241 N/A 908 N/A 907 N/A -561 -749 -676 -477 702 -240 706 172 N/A 478 -411 24 N/A 852 823 908 N/A -498 -806 417 N/A -233 -500 N/A 772 -656 283 N/A 426 442 -896 366 -844 -953
130 -936 N/A 743 634 N/A 489 N/A -318 562 940 688 763 111 N/A 178 -497 N/A 967 N/A -922 128 N/A -437 -540 N/A -777 N/A 132 43 -483 15 -54 -949 696 N/A -279 N/A 256 482 N/A 416 -394 -532 N/A -431 677 970 -801 364 -587 703 81 -908 N/A 814 N/A 862 N/A 129 -976 -742 405 330 657
26 N/A -669 -667 -315 N/A 106 -85 -413 N/A -338 N/A 453 N/A -338 N/A 0 897 218 -303 331 -964 381 959 N/A 581 20 831 N/A 99 N/A 731 N/A 113 695 82 525 -478 N/A 85 826 -692 -116 -240 N/A 163 201 -734 88 409 N/A 131 -632 N/A 841 597 N/A -393 555 839
-368 212 -637 37 540 921 799 148 N/A -809 837 N/A 324 70 398 316 -838 N/A -746 -140 156 357 48 N/A 906 N/A -208 N/A -438 -748 891 -388 N/A 722 319 N/A 832 -737 N/A 87 -133 -997 N/A 628 N/A -189 -633 130 N/A -717 600 -386 -924 N/A 6 N/A -452
-216 -67 751 N/A 304 -593 507 201 N/A -487 339 N/A 626 -458 N/A 119 -148 N/A -609 11 N/A -529 100 -35 N/A 571 -322 -873 431 804 -519 -248 N/A -895 N/A -490 -381 N/A 724 N/A -248 -565 -142 -57 N/A 314 -871 -419 N/A -415 N/A 250 -907 785 -18 -993
-175 687 -514 -964 -276 N/A 474 897 N/A -306 N/A -167 -207 312 -761 -21 -153 N/A -31 775 -549 N/A -737 -53 -998 474 N/A -270 -966 N/A -611 N/A 304 -678 692 N/A 610 -18 419 N/A -740 N/A -829 N/A 980 856 86 565 839 -587 -745 531 N/A 785 -708
-950 587 -701 N/A -171 -866 N/A 987 611 98 -387 N/A -931 N/A 823 -751 954 -460 169 N/A -62 -517 N/A 975 374 260 N/A 400 420 391 N/A 357 -896 104 N/A 166
677 524 875 -809 N/A 567 N/A -704 377 N/A 157 -962 -830 N/A -96 844 N/A 892 308 389 430 -888 -233 575 N/A -3 N/A -303 343 778
-785 -190 N/A 948 N/A 939 815 -56 473 120 534 -279 770 N/A -786 N/A 498 N/A 853 N/A 6 -235 -2 -261 N/A 791 -225 546 N/A -235 204 -729 -696 -907 -952 -930 N/A 538 947 N/A 981 94 N/A -102
-897 -139 340 -604 -344 -602 N/A 696 N/A 472 -206 N/A -877 N/A -38 987 -874 N/A -761 N/A 688 353 518 401 158
-149 -324 -799 448 N/A -545 934 -324 -671 N/A 424 132 320 985 0 -914 308 N/A 568 -779 564 N/A 277 -2 -939 -289 -569 N/A -301 892 -130 -619 N/A 690 N/A 192 665 906 N/A -265 N/A 298 N/A -23 N/A -293 207 N/A -952 280 N/A -440 605 -904 899 835 N/A -366 -762 -707 N/A 506 N/A -415
-829 -710 316 -141 -355 -397 421 N/A 951 -138 86 -42 N/A -510 -682 -216 N/A 134 -85 255 N/A 276 N/A 624 600 -840 N/A 320 -585 642 N/A -619 80 981 -68 968 N/A -229 N/A 9 503 869 N/A -272 N/A -9 -616
-41 213 N/A 348 -975 -926 N/A -611 610 587 N/A 934 83 -885 -209 N/A 85 26 -500 -768 -261 N/A -850 -382 N/A 602
-194 417 -79 -469 N/A -708 N/A 790 -345 -128 -556 -371 N/A 741 -538 N/A -349 409 N/A 115 94 -260 344 625 N/A -15 N/A 163
-866 -625 -715 N/A 448 68 537 -331 -422 822 52 570 -136 299 250 383 N/A 623 797 -251 N/A 327 N/A 958 -454 N/A -308 60 -520 N/A -34 N/A -430 N/A -36 858 N/A -920 -650 N/A -300 299 N/A 473 419 -934 N/A -855
-251 11 N/A 199 577 26 -93 970 193 N/A -386 610 -325 432 -986 695 -494 -870 N/A -381 272 N/A 985 N/A -194 N/A 279 771 N/A 736 -953 N/A -310 208 447 N/A -708 333 818 628 N/A 823 N/A -930
-805 671 N/A 259 N/A 26 -570 -534 731 N/A 935 246 -222 852 N/A 663 597 -549 172 -246 N/A 273 -495 87 N/A 720 -453 N/A -448 N/A -74 -778 51 486 N/A -538 -597 -548 -617 N/A 151 -492 88 -427 N/A -616 N/A 478 -259 44
883 N/A -298 N/A 702 25 N/A 456 N/A -606 711 -70 -245 153 873 273 151 N/A 447 -946 -297 739 -689 N/A -452 N/A 375 N/A 114 892 N/A 125 -282 -9 428 -777 -177 -980 538 N/A -426 -707 N/A 402 -245 -249
337 N/A 881 N/A -424 -402 851 -487 256 N/A -847 749 575 N/A -647 -483 N/A 824 307 N/A -505 42 N/A -661 -527 274 N/A 434 -677 -492 -177 457
227 -866 N/A 835 -267 -295 -911 -239 204 -347 -39 N/A 553 -149 N/A -532 418 -585 -689 936 N/A -500 N/A -589 -878 486 243 343 N/A 730 130 90 693 N/A -968 N/A 619 N/A -870 -234 -976 N/A 225
280 401 N/A 804 228 579 -15 319 -680 N/A -670 864 18 360 -254 N/A -564 -30 N/A 15 846 N/A 554 N/A 343 -143 N/A 367 -635 686 446 N/A -570 N/A -107 538 N/A 427 219 928 -14 80 -128 N/A 990 779 -708 N/A -488 75 N/A 76 492 -617
435 N/A -282 -141 N/A -243 N/A -25 N/A -682 566 N/A -369 -120 N/A 587 456 78 871 N/A 227 158 533 907 673 538 -146 -92
-509 -68 -560 514 -28 N/A 325 N/A 784 -585 N/A 350 -171 N/A -261 N/A -383 -95 -754 -699 N/A 232 479 N/A -509 -448 -504 N/A 14 820 -613 391 N/A -526 -253 -86 -521 -572 N/A 304 N/A 13 -783 -5 N/A -933 601 -658 N/A -769 N/A -653 529 -816 -283 505 -138 -650 305 N/A -951 391 433 N/A 811 -934 N/A 614
369 -336 582 -738 577 -619 159 33 197 -969 N/A 624 981 193 N/A 87 153 -827 -966 -534 -376 4 165 N/A -938 N/A -237 N/A -225 397 -129 N/A -423 -21 N/A -175 -324 -253 N/A 156 N/A -357 -476 N/A 64 N/A 872 N/A 25 -775 638 -745 N/A -834 N/A -509 282 854 N/A 89 N/A -539 730 -890
-13 -41 N/A -324 N/A 165 N/A 528 986 -500 N/A -386 -358 -513 N/A -770 -497 N/A -947 N/A -935 N/A -305 N/A 893 701 619 -23 -297 540 -652 747 -160 N/A 135 -988 251 828 749 741 -822 N/A -328 -302 -230 485 -895 N/A -50 -99 -527 -724 113 N/A -439
924 -974 N/A 243 316 N/A -546 822 N/A -171 -767 N/A -835 794 -18 -313 804 N/A -962 N/A -569 -205 -783 624 N/A 158 -277 -508 N/A -258 -941 -519 N/A 859 230 -356 N/A 61 N/A -428 -932 N/A 289 N/A 243 -20 922 -141 321 658 368 N/A 902 -628 4 267 -82 203 N/A 788 -587 N/A -475 291 -980 -589 546
641 -587 N/A 630 750 216 -100 170 -454 -23 -17 N/A -747 N/A -156 -954 N/A -166 N/A 506 -706 619 N/A -580 -804 433 N/A 480 -940 N/A 105 272 N/A 964 899 -111 602 -259 N/A 211 -710 304 N/A 421 -939 N/A 821 544 N/A 455 394 -588
370 304 767 11 334 544 532 225 -669 975 479 N/A 948 270 N/A 718 312 N/A 600 N/A -971 N/A -72 N/A 401 -118 -920 N/A -750
568 -377 579 N/A -580 N/A 66 -72 N/A 596 N/A 988 -312 414 478 935 723 144 225 N/A 235 N/A 39 N/A -776 78 -263 N/A -444 440 N/A -19 N/A -150 -869 573 N/A 399 N/A -898 258 132 480 714 625 -715 -32 545 -75 N/A 512 N/A -981 -762 N/A 956 -121 N/A -846 -223 322 -783 386 318 -985 486 637 N/A 325 -565 N/A 550
537 319 454 906 -389 N/A 195 N/A -534 86 N/A -857 N/A -303 N/A 554 -648 120 973 N/A 404 -399 -998 N/A -412 -15 561 598 N/A -551 -428 -808 -79
828 779 N/A -712 384 -667 -821 52 119 -99 -565 777 N/A 774 561 -620 N/A -350 846 N/A -162 N/A -844 588 N/A 255 469 -684 N/A -92 -843 -52 -255 289 -32 N/A -343 -266 951 N/A -366 317 N/A 627 762 N/A -769 N/A 576 782 -679 N/A -680 405 -398 395 -537 N/A 553 N/A -739 -307 -518 560 N/A 127 -210 N/A 283
529 -376 -885 -98 934 367 -976 N/A -829 292 N/A -692 977 961 652 -555 -76 N/A -841 N/A -218 -409 N/A -991 -392 N/A 284 N/A 298 704 -406 N/A -55 -464 956 -441 N/A -943 609 -134 N/A 518 N/A 209 765 -454 936 365 N/A 34 736 N/A 417 556 -678 -107 512 N/A -18 -593 N/A -359 N/A 339 -314
-792 -2 455 665 51 516 690 N/A -592 N/A -88 -250 -472 557 632 N/A 369 N/A 336 -251 477 -254 N/A 622 N/A 612
-886 N/A -284 -25 554 963 N/A -417 516 -388 N/A 773 -731 -186 -543 -610 789 N/A 945 N/A -174 -524 N/A -27 -690 N/A 514 446 689 -13 -300 N/A -744 N/A 270 153 -50 N/A 893 683 488 N/A 574 -308
-175 552 867 28 N/A -202 -992 309 998 552 126 N/A 265 -980 N/A -422 N/A -834 427 N/A 212 N/A 206 957 998 730 -427 -264 N/A -511 N/A -973 -480
907 -121 N/A -845 -991 N/A 593 N/A 799 -484 -653 54 26 -281 -519 223 N/A 748 N/A -811 -312 N/A -537 335 -793 N/A -922 -708 N/A 516 -736 N/A 18 N/A 577 -988 605 765 -612 -521 850 -482 573
285 178 -898 853 N/A 923 -821 165 N/A -357 -257 571 N/A 849 -170 -207 N/A 635 -884 N/A -713 -278 -230 237 N/A -790 N/A 847 925
-994 -562 165 55 -212 259 N/A 810 667 N/A -381 -56 203 -994 -175 922 N/A 446 -5 989 -183 N/A -488 -545 522 -140 N/A -754 N/A 166 -276 N/A -494 -66 N/A -379 N/A -221 850 N/A -636 -392 N/A -340
-316 -583 -208 -830 -90 -471 N/A -681 -120 -169 688 N/A 464 213 -150 -855 -14 -964 N/A -580 N/A -848 -934 -754 -215 -121 -444 N/A -163 N/A -402 -803 342 N/A 614 181 336 N/A 969 586 -217 -878 N/A -190 N/A 297 -585 159 N/A 360 N/A -877 -913 N/A -137 53 667 132 N/A 867 N/A -63
-234 -186 -368 721 579 78 352 -652 N/A -349 N/A 953 286 669 -422 N/A 973 N/A -617 N/A 416 309 N/A -655 273 N/A 655 -556 N/A 287 -197 -39 -186 N/A 934 574 -190 257 -202 N/A 316
868 -834 542 N/A 365 -869 N/A 554 N/A 769 938 N/A 226 648 140 -973 -718 N/A -109 722 798 -677 N/A 511 121 N/A -362 N/A -214 482 N/A -370 70 324 N/A -205 415 865 773 -128 158 N/A -669 995 N/A -201 N/A 698 392 -17 N/A 161 N/A -639 -741 -792 404 -287 N/A -690 -758 845 541 739
-263 -903 -609 703 286 332 N/A 976 N/A -113 913 -431 79 N/A -737 -884 N/A -931 840 -232 -989 -333 -804 723 N/A -495 N/A -77 -485 -175 -598 N/A -496 771 N/A -734 -693 137 -100 N/A -153 978 N/A 150 -750 N/A 531 -72 437 506 N/A 786 -34 -364 -67 N/A -470 -256 -173 823 N/A 954 N/A 30 -970 -570 N/A 910 N/A 574 N/A -783
-456 N/A -157 N/A 640 735 -202 N/A 265 -595 538 -713 -225 181 -690 -12 N/A -375 48 749 -877 -58 -406 N/A 788 N/A 706 N/A 518 -965 -625 -879 N/A 813
-773 -501 N/A -767 N/A -26 866 -622 N/A 276 318 563 N/A 161 -857 -501 -376 -338 959 -497 N/A 152 696 -827 N/A 704 504 N/A 814 -196 -561
-390 8 -918 183 N/A -650 579 938 435 N/A 144 416 394 -746 405 -553 -829 N/A -840 N/A 977 341 621 N/A -801 N/A -149 285 921 -190 176 N/A -656 N/A -381 N/A 66 N/A -616 N/A 353 -665 346 -139 -416 N/A -450 -565 N/A 22 N/A -708 731 897 -156 -789 -602 382
632 -756 N/A 868 -464 N/A -466 N/A 353 N/A 794 -959 -79 399 N/A -870 N/A 862 957 N/A -169 -31 299 N/A -362 950 N/A 555 -340 N/A -369 -555 775 524 -107 N/A 6 N/A -408 -803 212 867 N/A -133 -91 481 -596 66 N/A -764 43 312 -303 -808 701 N/A -356 -349 -46 -343 -698 -750 564
-831 N/A 837 729 N/A 241 N/A 514 593 382 -19 N/A -431 N/A 915 -666 -713 -5 -809 N/A 546 530 -238 -85 -838 -293 N/A 858 -464 976 -334 -426 N/A -973 N/A -768 245 579 279 N/A -388 116 -542 N/A 782 14 -812
-749 N/A 653 990 453 820 -567 42 -990 38 873 N/A -482 N/A -697 413 N/A 387 N/A -399 -870 -661 246 206 N/A 737 N/A 299 -622 -356 N/A 527 -31 N/A 128 -807 -827 356 -707
-957 -592 -156 -351 N/A -168 282 -320 -24 -945 N/A -697 N/A -553 N/A 519 536 N/A 171 N/A -421 207 184 830 745 N/A 959 N/A 429 N/A 494 -255 477 233 N/A 728 819 -275 755 -622 47 210 -376 N/A 523 N/A 457 897 -511 814 -369 280 N/A -103 N/A -669 -997 N/A 540 -38 N/A 611 -661 27
946 680 N/A -309 482 N/A -151 -88 -383 -36 769 N/A 125 -528 957 229 252 547 N/A 10 -119 N/A -96 -175 590 -280 N/A 911 -748 N/A 492 44 88 483 N/A 498 -593 -633 -797 -563 21 N/A -852 971 N/A -374 N/A -499 -355 N/A -811 N/A -327
263 -707 N/A 688 492 860 943 212 717 N/A 760 498 -256 -180 589 738 N/A 271 N/A -736 N/A 297 244 -411 N/A 861 356 94 891 N/A -491 N/A 2 N/A -188 149 N/A 432 350 -798 -700 -934 -399 -933 -581 -776 -555 500 N/A -428 N/A 963 N/A 235 875 N/A 301 -533 N/A -65 N/A 188 654 257 N/A -462 628 168
605 N/A -313 N/A 662 390 N/A 635 -861 408 158 N/A 557 186 -694 -993 -271 N/A 391 N/A 559 563 -684 -365 961 555 N/A 152 N/A -806 N/A -420 660 -71 -457 213 284 -360 -982