328 77 -807 -52 -69 -264 174 741 -517 -67 114 623 -546 312 88 973 813 -87 -319 543 -82 136 324 -698 -189 -517 985 -240 584 109 320 541 -347 -567 261 -376 -921 -996 -937 -41 -2 -264 436 -911 458 -239 771 739 442 -696 -167 -774 -375 247 -489 -985 53 -914 217 -458 -189
-271 166 520 -938 874 905 -405 -839 526 -881 522 -589 -181 747 929 -661 -69 -552 -929 -143 254 302 915 266 -948 -87 761 -731 -973 808 -397 254 218 -416 -850 -946 -11
-956 940 423 923 -985 526 -838 -334 75 -836 -6 -636 -558 -583 -111 -694 -72 -934 315 808 849 -410 390 659 -829 -235 78 -739 -379 -444 13 -335 -814
-757 39 -731 -566 209 132 243 126 -825 -37 -543 -715 -960 -266 282 -750 -749 -405 -21 611 854 222 -650 106 -23 324 801 -734 184 -531 101 -655 -589 -552 22 -765 139 116 668 967 -143 757
473 444 -641 593 -483 994 -208 -395 -396 -289 620 -880 708 290 940 721 999 -343 61 841 550 -215 -705 -578 -572 298 872 -732 -520 -668
-976 994 369 155 -139 -951 695 -15 993 -174 -993 -32 -738 835 221 -351 570 -916 -726 -667 -555 -931 -344 -179 -558 -958 166 -17 952 -588 768 -600 -762 567 -586 505 733 242 -316 -711 557
-750 830 117 728 115 -928 687 210 -217 646 38 -691 543 -780 -207 548 -559 757 368 869 -851 561 -614 -403 -554 -137 -637 -148 478 979 682 48 367 482 40 918 997 639 -123 625 -681 471 -258 -467 741 1 146 932 832 716 102 96 -169 -615 -887 -837
559 135 91 -493 803 -769 339 756 367 -752 -998 319 485 -973 944 362 384 -919 16 806 -905 756 -485 -894 -704 -162 624 -20 -409 -562 -653 -513 -177 -778 81 -590 384 -796 599 -448 -398 -792 881
236 398 416 429 37 -84 -260 727 -160 274 765 -840 520 -942 838 727 229 621 -112 600 -718 275 796 309 -257 814 766 808 -837 -964 172 45 -696 628 260 371 -612 -683 -538 -507 -501 903 -501 -756 -76 941 -848 506 330 123 894 -694 223 949 -106 -318 -122 -80 881 495 314 690 -673 960 650 -621 317 722 669 360 -405 -885 -429 -74
-443 -961 478 300 -313 -371 -431 216 14 -872 -984 -501 137 -619 -458 212 -8 -424 772 -567 446 54 982 -239 585 905 -488 -935 -330 -465 -119 -437 960 5 76 -420 538
460 -423 730 125 490 -749 233 -998 -83 -246 -870 146 271 -782 70 563 438 469 -808 356 203 765 -556 -932 951 -935 -685 237 -439 -720 771 615 512 172 -638 -512 -993 -715 -277 -431 -801 -115 -445 -542 -772 85 -321 858 -976 329 -47 -387 307 -493 -835 -773 -939
-548 -525 -257 -812 387 312 -707 853 66 -987 3 -462 30 -693 734 -336 125 648 -396 320 -98 -426 295 68 -717 986 568 449 -842
-16 -634 765 -82 716 -574 139 69 -40 -310 -838 -439 723 -300 978 67 300 -545 251 -64 74 779 -115 261 408 483 -890 -589 -441 -839 845 151 -118 -973 -439 -533 128 372 -498 -426 604 -44 -117 -26 -606 539 532 610 -875 256 -587 336 924 -339 -973 306 397 -183 -855 310 -364 923 -502 -758 882 373 509 -24 983 424
-705 -54 -941 258 702 203 -284 235 639 -772 304 696 -644 456 -154 -977 7 891 973 862 965 177 237 -776 722 241 689 764 -42 -679 -991 310 62 932 926 921 -116 -309 477 575 -840 237 -696 833 -816 976 -316 -534 624 554 627 -883 852 907 854 387 -896 -84 -303 738 -441 -868 -603 -26 480 -878 -923 -349 369 -730 637 443 200
737 -883 -718 -214 152 -267 961 428 98 -698 -644 194 -223 -954 413 -328 677 -89 115 -485 125 -356 435 655 874 721 462 -783 -340 -93 -212 907 213 754 685 -323 -572 211 148 597 345 283
-325 -25 -986 678 410 -768 208 -185 -572 -104 298 121 105 -140 494 407 -177 124 170 485 702 -534 -283 -453 -539 -40 -487 -692 -973 -820 -938 -799 911 -997 -607 701 -938 421 -814 675 -54 -562 303 325 94 513 623 -882 539 -983 668 14 -409 -959 619 -978 979 -528
-103 846 -661 -405 -256 356 -949 252 561 185 -943 -834 949 90 -556 665 723 -17 -263 508 -792 499 -127 957 -635 -47 -827 -736 554 968 -559 -186 283 -985 270 6 288 -594 124 -58 -908 -821 -549 755 937 433 -105 -507 -737 853 215 -300 386 259 220 -531 -206 172 -137 -338 -273 -951 118
-394 169 144 -814 19 452 44 29 319 972 -904 -666 950 -452 208 -751 391 604 -770 568 309 -56 882 -188 735 486 159 -907 890 361 -494 -377 634 -513 -8 -774 -825 317 847 -615 -621 -945 -727 237 -184 458 -192 55 161 493 -140 925 -615 239 -113
348 327 -430 -534 474 -730 494 -273 -649 947 -809 714 -649 -674 -794 177 -86 580 -91 -791 576 -91 -304 -31 -689 324 832 -112 -38 430 934 412 72 61 308 -52 93 569 853 723
420 -892 415 734 435 -293 58 545 681 -884 -83 -287 527 -278 492 228 338 115 -414 957 269 711 487 943 -757 802 -61 19 854 844 243 -411 197 899 -672 -163 -803 992 982 -900 -526 -441 -903 -801 54 628 80 -785 -734 -394 -330 336 -152 -196 431 -711 665 -771 125 975 -236 576 -492
437 766 447 117 -864 -301 170 39 672 -294 -25 -657 931 -582 830 801 -489 -246 -686 -659 -536 509 -395 -767 685 698 936 56 778 326 825 68 -91 285 -207 5 -225 -794 -431 -789 993 261 -340 714 -740 83 319 235 -616 983
965 971 -498 -148 262 -807 333 372 -403 819 -570 -842 799 -63 -690 -804 -648 -104 947 841 637 -353 -311 -270 546 398
-503 511 894 410 875 240 -507 202 244 -331 -543 298 -522 -494 724 772 738 699 961 730 321 -796 -350 370 587 981 548 724 760 -383 -952 461 91 -259 384 -457 586 435 75 823 -388 -864 157 -63
-411 -179 -810 -556 798 -499 599 186 74 673 -207 -430 -929 -845 349 743 -470 -615 570 36 -497 -268 -200 802 495 -835 863 778 510 -963 270 -894 -871 -59 -701 -455 732 456 -994 -136 -420 -221 532 -331 567 -57 -15 -540 522 -869 -591 -833 -846 607 712 495
298 70 -207 -429 -6 449 -733 -379 -801 -200 408 -768 569 -408 886 610 -569 -8 -588 -400 343 -198 -297 236 -63 -385 -352 341 -126 -110 -714 -180 483 458 459 698 -808 478
-397 367 -375 779 252 985 526 711 644 887 -951 -721 843 -462 -549 958 -363 574 589 -232 -557 -475 26 654 -566 -126 -278 -808 -685 205 -973 928 -240 -612 781 833 836 281 675 847 -59 -48 -652 -296 -37 642 -882 -466 -598 50 438 874 306 61 14 629 797 767 -278
569 -544 268 136 765 -879 -176 -230 402 -99 -578 -391 349 652 -806 -755 -593 398 699 -17 -447 751 -695 352 561 -286 917 502 985 -985 -197 443 10 -284 854 -200 637 861 -876 -942 588 -526 -559 -997 -464 -203 998 -921 853 629 -967 -882 392 839 -434 12 353 920 -439 -642 -300 -278 104 349 60 569 298 -94 380 -819 221 823
664 -125 539 180 588 567 658 -706 987 -895 -857 11 -362 -661 -189 503 357 214 861 943 968 464 841 -487 -166 972 521 233 -556 -816 -760 874 991 209 -445 -50 -662 -846 615 894 55 392 -381 643 508 -774 326 -34 305 281 -428 580 535 371 657 -887 -450 249 181 -835 275 596 464 83 834 -39 -479 -370 407 -21 980
-461 -35 863 -517 -641 193 407 700 -997 761 -379 408 966 96 -728 441 -119 -276 135 827 -555 685 808 -324 -521 29
-38 -240 -287 187 -421 -545 535 -101 -760 529 -765 13 -283 -284 -748 -222 247 -17 918 -62 492 332 632 -967 -718 -618 -623 -544 658 -625 755 237 467 -436 703 -276 335 302 -687 940 -66 269 412 269 323 127 -40 103 825 692 129 -687 868 517 -512 465 332 -148 675 -435 -496 334 770 -985 972 -791 -869 -340 514 739
-887 -133 -888 32 -353 827 -839 -398 273 -478 906 -672 -524 876 570 -800 -811 -255 327 48 68 -450 100 -837 -968 -981 -357 764 -178 -422 292 768 -3 -212 -127
-2 237 -919 529 678 980 282 -455 -871 -858 994 610 483 374 -528 356 704 -424 82 -149 -786 779 -253 953 817 -76 -869 -666 965
528 -895 642 -136 -588 714 284 856 -44 -664 581 -88 -84 -736 567 479 760 39 -221 -736 454 601 839 218 178 469 835
75 251 486 -4 -750 -965 -288 -814 640 667 -966 -463 687 -915 780 -606 -759 -220 -795 -467 26 -60 -665 -149 -5 253 9 111 -22 112 608 144 786 -237 943 699 -379 114 598 -128 35 -352 -611 70 763 -207
-296 871 227 942 -483 665 699 -273 -723 678 -392 -126 -286 421 179 -101 325 710 704 52 148 557 -690 -179 919 -964 -434 809 -749 -429 818 -910
-311 -326 925 -423 -603 -881 -483 493 -684 -702 988 -100 -865 -336 315 471 -122 939 161 -967 712 -613 842 -370 -565
525 -402 -733 328 320 146 71 -148 698 46 -744 -70 -436 707 -456 -755 373 -870 381 -676 975 237 544 -270 516 132 -706 623 -465 724 -703 -481 -997 -388 712 -88 360 327 711 9 -958 403
-414 -189 -405 128 -944 185 436 793 -620 757 899 -782 -750 42 -35 -614 -913 112 943 322 -956 -716 909 -244 260 -178 365 -502 864 -448 -417 131 65 82 53 88 -87
-576 552 -409 -556 724 -607 -788 -879 -21 7 867 -196 484 622 604 -4 -334 -292 -663 -182 310 957 -321 388 595 -111 -907 767 399 635 -129 437 746 810 590 -139 -156 364 419 19 139 -700 -602 -201 -883 -629 -105 494 433 -982 85 -600 766 787 -443 671 66 -199 -1000 -318 -147 452 561 650 -170 73 -887 -447 -36 -942 -452 409 959 862
297 459 -978 7 529 118 -635 -99 660 -959 640 -839 -790 -774 641 434 -782 313 -450 -209 14 -354 940 -85 -220 -265 -532 314 -582 -887 542 -723 -355 -326 -635 -361 -706 110 -419 -720 8 806 -685 -548 -642 892 446 -725 -44 -417 -574 -146 -337 -121 -425 749 63 476 190 89 -687 829 -449
-783 -92 -807 551 146 -122 -528 -181 -854 -30 -164 973 477 751 846 -661 972 -745 946 -72 -209 823 45 76 -843 153 424 -448 933 -677 -555 498 -614
806 345 -277 -305 -882 -512 -199 113 -159 572 369 200 -1 -56 -670 -177 200 275 -822 902 -273 425 -277 458 -950 -18 669 -491 166 -315 -896 260 718 822 279 -657 -225 331 273 240 913
979 333 836 122 -96 620 -543 715 337 167 363 287 798 697 -621 90 -218 -612 -97 375 -779 814 510 492 335 -387 -870 226 330 -242 -852 -579 -370 448 -387
-11 114 809 -753 -814 49 615 -196 -421 -723 -110 -802 -14 813 -34 -189 -824 -842 153 182 351 408 -16 831 867 -700 -79 189 955 17 -313 372 -755 503 -900 645 721 768 721 494 -346 -274 -753 -311 -737 522 858 -221 545
-348 -924 399 -178 -38 317 418 50 783 -691 951 831 792 472 -5 436 -204 49 231 -570 974 771 -216 -718 722 -614 -705 -668 455 689 354 -777 960 775 -830 -838 -741 -818 68 407 -423 -187 -83 911 -56 -349
748 13 661 -142 -16 184 716 569 -208 801 -536 -619 696 323 483 -953 -702 491 471 634 584 -715 397 103 -71 29 473 848 -108 539 456 -151 -566 -815 530 152 70 -205 -279 -819 240 718 341 -83 -885 -408 592 344 -432 -807 323 -412 168 19 686 216 464 -177 -565 -20 -54 -199 562 -305 633
984 291 877 140 620 204 916 -467 -680 -362 -294 -646 -66 623 911 345 -883 -72 735 995 -991 802 -355 905 -945 439 157 149 664 -143 899 948 -189 -523 -963 -554 409 492 -651 824 -801 -974 -400 278 -784 -743 291 408 301 -894 -13 -98 875 63 -996 972 -269 98 -182 -393 -417 -165 -522
470 40 36 -189 56 -830 -967 551 -548 476 211 -544 420 -800 -850 90 391 -313 -505 -810 -632 -241 489 485 645 565 242 788 -941 432 -492 119 981 611 47 809 -34 184 -63 528 4 608 -711 222 705 608 360 -469 -853 933 345 26 708 -819
93 -168 -699 619 -999 876 -297 -639 193 414 676 -201 494 990 376 712 397 685 -131 -449 -230 790 782 95 -889 253 -679 152 -335 115 26 -626 -90 -158 461 -417 869 -950 -368 -266 -100 647 731 188 688 -687 619 585 741 944 -665 -695 545 799 250 -527 -862 -893 503 835 -178 -860 703 899 -300 173 -584 -483 -422 831
454 323 -540 676 556 115 -635 454 -44 -499 -196 -468 942 244 -598 151 856 760 -967 -327 605 -389 -466 923 -817 689 293 -817 -523 275 429 -750 767 624 540 826 443 557 -198 -258 -152 995 889 547
-650 750 -569 -365 20 -942 -40 660 979 981 531 600 756 34 557 -195 462 -633 -836 602 211 -77 -686 735 -334 -474 109 -291 129 -755 553 -890 449 -875 884 -928 -228 -172 4 -245 -473 -303 -674 -669 -860 278 -837 928 -401 187 745 791 69 -440 -508 -549 -511 -528
-783 -108 -558 359 233 740 382 573 -267 593 -835 65 -89 -297 957 287 -330 -461 925 737 -925 255 17 787 840 726 -225 926